32.231	15.281	-13.143	32.184	14.697	-11.772	1.4909409
32.184	14.697	-11.772	33.438	13.89	-11.387	1.5401275
33.438	13.89	-11.387	34.102	13.07	-12.066	1.254727
34.102	13.07	-12.066	30.797	14.065	-11.625	3.479588
30.797	14.065	-11.625	30.976	12.589	-11.819	1.4994173
30.976	12.589	-11.819	29.608	12.016	-11.694	1.4884146
29.608	12.016	-11.694	28.942	12.335	-12.945	1.4526931
28.942	12.335	-12.945	27.67	12.696	-13.05	1.3263968
27.67	12.696	-13.05	26.901	12.777	-11.999	1.3048087
26.901	12.777	-11.999	27.161	12.963	-14.255	2.2785378
27.161	12.963	-14.255	32.983	14.824	-13.703	6.137079
32.983	14.824	-13.703	31.275	15.112	-13.535	1.7402412
31.275	15.112	-13.535	32.174	16.346	-13.05	1.6019309
32.174	16.346	-13.05	32.192	15.563	-11.115	2.0874965
32.192	15.563	-11.115	30.392	14.428	-10.697	2.168629
30.392	14.428	-10.697	30.182	14.438	-12.437	1.752656
30.182	14.438	-12.437	31.369	12.359	-12.8	2.4213588
31.369	12.359	-12.8	31.591	12.143	-11.105	1.7230692
31.591	12.143	-11.105	29.656	10.965	-11.482	2.2965267
29.656	10.965	-11.482	29.218	12.381	-10.794	1.6340878
29.218	12.381	-10.794	29.457	12.292	-13.843	3.0596483
29.457	12.292	-13.843	25.93	13.038	-12.118	3.9964828
25.93	13.038	-12.118	27.324	12.549	-11.1	1.7940675
27.324	12.549	-11.1	27.786	12.886	-15.076	4.016913
27.786	12.886	-15.076	26.154	13.214	-14.269	1.8499343
26.154	13.214	-14.269	33.738	14.173	-10.126	8.694894
33.738	14.173	-10.126	34.897	13.603	-9.39	1.4865661
34.897	13.603	-9.39	34.652	12.135	-9.374	1.4883894
34.652	12.135	-9.374	33.583	11.537	-9.255	1.2306612
33.583	11.537	-9.255	34.826	14.292	-8.056	3.2515652
34.826	14.292	-8.056	33.927	15.515	-8.135	1.5199263
33.927	15.515	-8.135	32.967	15.143	-9.243	1.5124967
32.967	15.143	-9.243	35.676	14.152	-9.928	2.9647906
35.676	14.152	-9.928	34.431	13.672	-7.369	2.8859844
34.431	13.672	-7.369	35.763	14.517	-7.635	1.5996898
35.763	14.517	-7.635	33.695	15.873	-7.33	2.4916637
33.695	15.873	-7.33	34.491	16.303	-8.682	1.6267828
34.491	16.303	-8.682	32.028	14.742	-9.058	2.940148
32.028	14.742	-9.058	32.88	16.031	-9.875	1.7478323
32.88	16.031	-9.875	35.79	11.466	-9.466	5.4290524
35.79	11.466	-9.466	35.837	10.014	-9.507	1.4533387
35.837	10.014	-9.507	35.296	9.402	-8.236	1.5108492
35.296	9.402	-8.236	34.812	8.288	-8.26	1.2148373
34.812	8.288	-8.26	37.124	9.634	-10.244	3.3306632
37.124	9.634	-10.244	36.968	9.957	-11.773	1.570511
36.968	9.957	-11.773	37.083	11.141	-12.174	1.2553416
37.083	11.141	-12.174	36.712	9.158	-12.735	2.0939555
36.712	9.158	-12.735	36.688	11.887	-9.571	4.178386
36.688	11.887	-9.571	35.144	9.745	-10.321	2.744922
35.144	9.745	-10.321	37.98	10.245	-10.07	2.8906555
37.98	10.245	-10.07	37.455	8.626	-10.132	1.7031224
37.455	8.626	-10.132	35.466	10.21	-7.174	3.9006345
35.466	10.21	-7.174	34.975	9.704	-5.855	1.4956197
34.975	9.704	-5.855	33.438	9.514	-5.843	1.5487444
33.438	9.514	-5.843	32.937	8.733	-5.02	1.2402785
32.937	8.733	-5.02	35.435	10.423	-4.613	3.0433142
35.435	10.423	-4.613	34.96	11.819	-4.512	1.478054
34.96	11.819	-4.512	33.708	12.036	-3.946	1.3910235
33.708	12.036	-3.946	35.717	12.897	-4.923	2.394144
35.717	12.897	-4.923	33.249	13.321	-3.826	2.7338986
33.249	13.321	-3.826	35.276	14.18	-4.764	2.3930013
35.276	14.18	-4.764	33.998	14.423	-4.229	1.406612
33.998	14.423	-4.229	35.855	11.106	-7.148	4.7928586
35.855	11.106	-7.148	35.473	8.781	-5.789	2.7200053
35.473	8.781	-5.789	34.977	9.863	-3.723	2.3843434
34.977	9.863	-3.723	36.455	10.163	-4.4	1.6531228
36.455	10.163	-4.4	33.15	11.213	-3.635	3.5511622
33.15	11.213	-3.635	36.68	12.699	-5.37	4.2046776
36.68	12.699	-5.37	32.321	13.499	-3.366	4.863837
32.321	13.499	-3.366	35.758	15.036	-5.065	4.1306105
35.758	15.036	-5.065	33.588	15.411	-4.093	2.4071355
33.588	15.411	-4.093	32.757	10.236	-6.732	5.8681774
32.757	10.236	-6.732	31.286	10.029	-6.794	1.4867871
31.286	10.029	-6.794	30.864	8.652	-7.254	1.5118902
30.864	8.652	-7.254	29.69	8.279	-7.116	1.2395357
29.69	8.279	-7.116	30.794	11.065	-7.789	3.0714064
30.794	11.065	-7.789	31.075	12.797	-7.325	1.8149608
31.075	12.797	-7.325	33.206	10.888	-7.363	2.8612742
33.206	10.888	-7.363	30.964	10.266	-5.8	2.8029304
30.964	10.266	-5.8	31.501	10.869	-8.603	2.916982
31.501	10.869	-8.603	29.793	10.892	-8.171	1.7619358
29.793	10.892	-8.171	31.74	7.909	-7.843	3.5772457
31.74	7.909	-7.843	31.467	6.583	-8.351	1.4459835
31.467	6.583	-8.351	31.799	5.589	-7.246	1.52292
31.799	5.589	-7.246	31.435	4.425	-7.543	1.2552297
31.435	4.425	-7.543	32.345	6.258	-9.563	2.8754807
32.345	6.258	-9.563	32.299	7.212	-10.787	1.5525489
32.299	7.212	-10.787	33.16	6.693	-11.917	1.5124756
33.16	6.693	-11.917	30.881	7.341	-11.28	2.4534693
30.881	7.341	-11.28	32.679	8.218	-7.97	3.8675618
32.679	8.218	-7.97	30.422	6.406	-8.558	2.953496
30.422	6.406	-8.558	33.392	6.256	-9.245	3.0521066
33.392	6.256	-9.245	32.141	5.23	-9.918	1.7523142
32.141	5.23	-9.918	32.55	8.192	-10.401	3.028864
32.55	8.192	-10.401	34.189	6.62	-11.585	2.5611253
34.189	6.62	-11.585	32.719	5.718	-12.17	1.8211868
32.719	5.718	-12.17	33.064	7.391	-12.752	1.8046261
33.064	7.391	-12.752	30.328	6.553	-10.667	3.5405035
30.328	6.553	-10.667	30.078	8.051	-11.126	1.5865637
30.078	8.051	-11.126	30.861	7.064	-12.332	1.744045
30.861	7.064	-12.332	32.397	5.971	-6.128	6.4841003
32.397	5.971	-6.128	32.663	4.924	-5.112	1.4829769
32.663	4.924	-5.112	31.435	4.576	-4.301	1.5122187
31.435	4.576	-4.301	30.565	5.427	-4.12	1.2303902
30.565	5.427	-4.12	33.865	5.265	-4.204	3.305043
33.865	5.265	-4.204	34	4.971	-4.371	0.3640732
34	4.971	-4.371	34.117	6.694	-3.781	1.8249702
34.117	6.694	-3.781	35.189	5.031	-5.331	2.5134137
35.189	5.031	-5.331	34.935	7.12	-2.561	3.478697
34.935	7.12	-2.561	35.814	3.742	-5.819	4.7747335
35.814	3.742	-5.819	32.631	6.879	-5.916	4.4700847
32.631	6.879	-5.916	32.837	4.055	-5.77	2.8352654
32.837	4.055	-5.77	31.351	3.333	-3.911	2.4870398
31.351	3.333	-3.911	30.224	2.852	-3.086	1.4771975
30.224	2.852	-3.086	30.334	3.516	-1.707	1.5344826
30.334	3.516	-1.707	31.391	3.997	-1.293	1.2328862
31.391	3.997	-1.293	30.283	1.334	-2.995	3.3490353
30.283	1.334	-2.995	31.757	1.097	-3.199	1.506804
31.757	1.097	-3.199	32.313	2.218	-4.085	1.533223
32.313	2.218	-4.085	29.27	3.086	-3.515	3.2153022
29.27	3.086	-3.515	29.909	0.979	-2.059	2.6396413
29.909	0.979	-2.059	29.773	0.877	-3.721	1.6706716
29.773	0.877	-3.721	32.262	1.339	-2.263	2.9213576
32.262	1.339	-2.263	31.885	0.245	-3.473	1.6742358
31.885	0.245	-3.473	33.271	2.433	-3.655	2.596433
33.271	2.433	-3.655	32.442	2.084	-5.129	1.7267647
32.442	2.084	-5.129	29.2	3.631	-1.017	5.4600663
29.2	3.631	-1.017	29.16	4.238	0.321	1.4697934
29.16	4.238	0.321	29.993	3.377	1.274	1.530823
29.993	3.377	1.274	30.074	2.152	1.156	1.233333
30.074	2.152	1.156	27.687	4.418	0.604	3.337248
27.687	4.418	0.604	27.075	3.186	-0.051	1.5236118
27.075	3.186	-0.051	27.842	3.087	-1.403	1.5575595
27.842	3.087	-1.403	29.948	4.895	0.524	3.3789694
29.948	4.895	0.524	27.561	4.5	1.669	2.6767173
27.561	4.5	1.669	27.101	5.216	0.385	1.5404263
27.101	5.216	0.385	27.438	2.371	0.555	2.8699296
27.438	2.371	0.555	26.185	3.227	-0.191	1.6909351
26.185	3.227	-0.191	28.02	2.06	-1.684	2.6378338
28.02	2.06	-1.684	27.381	3.649	-2.145	1.7736299
27.381	3.649	-2.145	30.651	4.022	2.2	5.4507837
30.651	4.022	2.2	31.512	3.32	3.156	1.4656264
31.512	3.32	3.156	31.044	3.577	4.617	1.5555041
31.044	3.577	4.617	31.146	4.687	5.117	1.2216806
31.146	4.687	5.117	32.937	3.888	2.901	2.959179
32.937	3.888	2.901	33.97	3.27	3.808	1.507204
33.97	3.27	3.808	34.254	1.932	3.622	1.3803971
34.254	1.932	3.622	34.619	4.002	4.797	2.408059
34.619	4.002	4.797	35.226	1.305	4.406	2.7919781
35.226	1.305	4.406	35.621	3.422	5.573	2.4494083
35.621	3.422	5.573	35.896	2.071	5.383	1.3917351
35.896	2.071	5.383	36.861	1.438	6.195	1.4111197
36.861	1.438	6.195	30.552	5.011	2.208	8.274417
30.552	5.011	2.208	31.496	2.274	3.038	3.0118444
31.496	2.274	3.038	33.209	3.682	1.839	2.5207999
33.209	3.682	1.839	32.886	4.98	2.956	1.7426478
32.886	4.98	2.956	33.815	1.318	2.852	3.7794306
33.815	1.318	2.852	34.4	5.053	4.955	4.326091
34.4	5.053	4.955	35.521	0.27	4.282	4.958493
35.521	0.27	4.282	36.108	3.926	6.391	4.261313
36.108	3.926	6.391	37.454	0.912	5.573	3.4007394
37.454	0.912	5.573	30.52	2.576	5.235	7.1388702
30.52	2.576	5.235	30.045	2.72	6.641	1.4910387
30.045	2.72	6.641	31.223	2.838	7.584	1.5135576
31.223	2.838	7.584	31.192	3.641	8.497	1.2162805
31.192	3.641	8.497	29.228	1.496	7.037	3.254215
29.228	1.496	7.037	28.069	1.656	6.232	1.4201785
28.069	1.656	6.232	28.852	1.446	8.517	2.424544
28.852	1.446	8.517	30.436	1.643	4.87	3.9810152
30.436	1.643	4.87	29.423	3.601	6.562	2.7789924
29.423	3.601	6.562	29.87	0.631	6.788	3.0119405
29.87	0.631	6.788	27.43	2.351	6.648	2.9885786
27.43	2.351	6.648	28.326	2.341	8.826	2.3551226
28.326	2.341	8.826	28.145	0.662	8.885	1.6897583
28.145	0.662	8.885	29.753	1.305	9.111	1.7464788
29.753	1.305	9.111	32.251	2.091	7.35	3.1557753
32.251	2.091	7.35	33.523	2.128	8.13	1.4925655
33.523	2.128	8.13	33.399	1.159	9.309	1.5311362
33.399	1.159	9.309	32.437	0.461	9.511	1.2055904
32.437	0.461	9.511	32.396	1.396	6.648	3.012088
32.396	1.396	6.648	34.329	1.947	7.445	2.162243
34.329	1.947	7.445	33.702	3.161	8.474	1.7104865
33.702	3.161	8.474	34.502	1.082	10.072	2.7415037
34.502	1.082	10.072	34.519	0.168	11.227	1.4729941
34.519	0.168	11.227	33.916	0.539	12.596	1.5412366
33.916	0.539	12.596	33.93	-0.237	13.544	1.225184
33.93	-0.237	13.544	36.012	-0.082	11.37	3.014138
36.012	-0.082	11.37	36.631	1.239	10.992	1.5070121
36.631	1.239	10.992	35.765	1.879	9.928	1.5138204
35.765	1.879	9.928	33.847	-0.643	11.074	3.3693502
33.847	-0.643	11.074	36.119	-0.14	12.472	2.7146626
36.119	-0.14	12.472	36.45	-0.937	11.151	1.5779139
36.45	-0.937	11.151	36.465	1.829	11.916	2.8698792
36.465	1.829	11.916	37.553	1.2	10.948	1.5863204
37.553	1.2	10.948	35.329	2.839	10.245	2.85074
35.329	2.839	10.245	36.248	1.923	9.001	1.7975417
36.248	1.923	9.001	33.434	1.727	12.75	4.6916976
33.434	1.727	12.75	32.817	2.337	13.956	1.4856721
32.817	2.337	13.956	31.326	1.931	13.983	1.5455257
31.326	1.931	13.983	30.77	1.555	12.956	1.2268821
30.77	1.555	12.956	33.176	3.792	14.087	3.474501
33.176	3.792	14.087	34.877	4.044	14.56	1.7834334
34.877	4.044	14.56	33.427	2.362	11.996	3.3920088
33.427	2.362	11.996	33.224	1.848	14.827	2.8844345
33.224	1.848	14.827	33.021	4.26	13.114	2.9653533
33.021	4.26	13.114	32.555	4.35	14.792	1.7438285
32.555	4.35	14.792	30.797	1.938	15.212	3.0140846
30.797	1.938	15.212	29.455	1.371	15.454	1.4768276
29.455	1.371	15.454	28.36	2.334	15.735	1.4850432
28.36	2.334	15.735	27.329	1.956	16.299	1.2344803
27.329	1.956	16.299	29.669	0.354	16.551	2.8470175
29.669	0.354	16.551	30.972	-0.476	16.541	1.5449296
30.972	-0.476	16.541	30.959	-1.503	15.478	1.47813
30.959	-1.503	15.478	32.296	-2.17	15.136	1.5327841
32.296	-2.17	15.136	31.836	-3.309	14.215	1.5353051
31.836	-3.309	14.215	31.295	2.148	16.031	5.776624
31.295	2.148	16.031	29.255	0.802	14.539	2.863457
29.255	0.802	14.539	29.799	0.904	17.523	3.0348976
29.799	0.904	17.523	28.831	-0.272	16.908	1.6426276
28.831	-0.272	16.908	31.824	0.19	16.751	3.032514
31.824	0.19	16.751	30.934	-0.947	17.555	1.6526601
30.934	-0.947	17.555	30.314	-2.379	15.59	2.509233
30.314	-2.379	15.59	30.655	-1.058	14.485	1.755662
30.655	-1.058	14.485	32.766	-1.611	14.351	2.186339
32.766	-1.611	14.351	32.769	-2.717	15.928	1.9261817
32.769	-2.717	15.928	31.352	-2.96	13.354	2.9482913
31.352	-2.96	13.354	32.722	-3.881	14.018	1.7793366
32.722	-3.881	14.018	31.212	-4.018	14.678	1.6536235
31.212	-4.018	14.678	28.538	3.555	15.339	8.058382
28.538	3.555	15.339	27.519	4.598	15.454	1.4626815
27.519	4.598	15.454	26.498	4.287	14.31	1.5645759
26.498	4.287	14.31	26.836	3.476	13.402	1.2634991
26.836	3.476	13.402	27.988	6.045	15.277	3.3826752
27.988	6.045	15.277	29.382	3.725	14.844	2.7410078
29.382	3.725	14.844	27.005	4.61	16.375	2.962654
27.005	4.61	16.375	28.805	6.35	15.92	2.544529
28.805	6.35	15.92	28.517	6.226	14.332	1.6186615
28.517	6.226	14.332	27.104	6.681	15.367	1.8096462
27.104	6.681	15.367	25.365	4.924	14.324	2.683099
25.365	4.924	14.324	24.373	4.865	13.248	1.464692
24.373	4.865	13.248	24.031	6.307	12.896	1.523231
24.031	6.307	12.896	23.1	6.914	13.431	1.2334644
23.1	6.914	13.431	23.121	4.138	13.566	2.77936
23.121	4.138	13.566	23.529	2.682	13.79	1.528586
23.529	2.682	13.79	22.243	2.045	14.156	1.4810534
22.243	2.045	14.156	21.702	1.586	12.894	1.4477592
21.702	1.586	12.894	20.864	1.665	11.854	1.3379402
20.864	1.665	11.854	19.924	2.628	11.721	1.3522793
19.924	2.628	11.721	20.97	0.717	10.868	2.339582
20.97	0.717	10.868	25.215	5.619	15.055	7.7188478
25.215	5.619	15.055	24.803	4.465	12.336	2.9823515
24.803	4.465	12.336	22.566	4.456	14.456	3.0819876
22.566	4.456	14.456	22.446	4.306	12.74	1.7267188
22.446	4.306	12.74	24.096	2.201	13.028	2.6900697
24.096	2.201	13.028	24.162	2.597	14.652	1.6728866
24.162	2.597	14.652	22.509	1.196	14.762	2.1696334
22.509	1.196	14.762	21.617	2.668	14.729	1.7214928
21.617	2.668	14.729	22.338	0.732	12.765	2.8504791
22.338	0.732	12.765	19.809	3.376	12.418	3.6751847
19.809	3.376	12.418	19.3	2.647	10.901	1.7583549
19.3	2.647	10.901	21.641	-0.055	10.942	3.5753005
21.641	-0.055	10.942	20.319	0.741	10.088	1.7636943
20.319	0.741	10.088	24.783	6.955	12.017	7.8906355
24.783	6.955	12.017	24.709	8.341	11.537	1.4686292
24.709	8.341	11.537	24.204	8.278	10.079	1.5442652
24.204	8.278	10.079	24.876	7.679	9.249	1.224453
24.876	7.679	9.249	26.042	9.082	11.623	2.993968
26.042	9.082	11.623	26.652	9.02	13.051	1.554068
26.652	9.02	13.051	25.974	10.525	11.176	2.4980655
25.974	10.525	11.176	28.148	9.276	13.084	3.1506727
28.148	9.276	13.084	25.549	6.401	11.624	4.141501
25.549	6.401	11.624	24	8.847	12.188	2.9496462
24	8.847	12.188	26.865	8.594	11.118	3.0687344
26.865	8.594	11.118	25.954	9.414	13.777	2.9279006
25.954	9.414	13.777	26.548	7.951	13.38	1.6281315
26.548	7.951	13.38	25.331	10.602	10.286	4.252261
25.331	10.602	10.286	25.493	11.179	11.921	1.7413775
25.493	11.179	11.921	26.964	10.89	10.94	1.7915704
26.964	10.89	10.94	28.535	10.191	12.656	2.4292586
28.535	10.191	12.656	28.455	8.952	14.098	1.9028621
28.455	8.952	14.098	28.699	8.514	12.441	1.7311924
28.699	8.514	12.441	23.05	8.866	9.854	6.2231565
23.05	8.866	9.854	22.472	8.852	8.467	1.5026804
22.472	8.852	8.467	23.093	9.97	7.681	1.5011199
23.093	9.97	7.681	23.078	11.156	8.055	1.2436626
23.078	11.156	8.055	20.954	9.049	8.496	3.02412
20.954	9.049	8.496	20.478	7.843	9.308	1.5298218
20.478	7.843	9.308	20.383	9.074	7.118	2.5140576
20.383	9.074	7.118	21.047	6.435	9.116	3.3759778
21.047	6.435	9.116	22.527	9.412	10.455	3.5841103
22.527	9.412	10.455	22.918	7.937	8.132	2.7793584
22.918	7.937	8.132	20.852	10.028	8.952	3.0517268
20.852	10.028	8.952	20.631	8.038	10.37	2.4535003
20.631	8.038	10.37	19.392	7.7	9.202	1.7359697
19.392	7.7	9.202	20.776	8.13	6.682	2.9070175
20.776	8.13	6.682	19.302	8.957	7.044	1.7284807
19.302	8.957	7.044	20.641	9.847	6.406	1.7297593
20.641	9.847	6.406	22.105	6.19	9.208	4.834061
22.105	6.19	9.208	20.411	5.657	9.58	1.8144172
20.411	5.657	9.58	20.856	6.216	8.025	1.7112958
20.856	6.216	8.025	23.726	9.516	6.564	4.6110096
23.726	9.516	6.564	24.442	10.455	5.67	1.4810851
24.442	10.455	5.67	23.927	10.184	4.206	1.5754244
23.927	10.184	4.206	23.3	9.191	3.965	1.1988578
23.3	9.191	3.965	25.962	10.178	5.691	3.3225734
25.962	10.178	5.691	26.624	10.625	7.025	1.5548664
26.624	10.625	7.025	26.683	12.084	7.147	1.4652798
26.683	12.084	7.147	27.301	12.496	8.436	1.4876792
27.301	12.496	8.436	28.569	12.515	8.793	1.3174344
28.569	12.515	8.793	29.528	12.12	7.954	1.3340267
29.528	12.12	7.954	28.88	12.93	10.036	2.3260977
28.88	12.93	10.036	23.787	8.592	6.237	7.693457
23.787	8.592	6.237	24.058	11.425	5.818	2.8766112
24.058	11.425	5.818	25.997	9.096	5.514	3.0457144
25.997	9.096	5.514	26.473	10.556	4.823	1.6839409
26.473	10.556	4.823	26.061	10.144	7.831	3.063911
26.061	10.144	7.831	27.535	10.103	7.169	1.6163533
27.535	10.103	7.169	27.287	12.57	6.39	2.5989294
27.287	12.57	6.39	25.902	12.789	7.042	1.5463798
25.902	12.789	7.042	26.641	12.861	9.099	2.1869054
26.641	12.861	9.099	30.497	12.035	8.19	4.046886
30.497	12.035	8.19	29.294	11.758	7.027	1.6960258
29.294	11.758	7.027	29.867	12.914	10.308	3.5255668
29.867	12.914	10.308	28.137	13.263	10.632	1.7943473
28.137	13.263	10.632	24.29	11.111	3.341	8.519928
24.29	11.111	3.341	23.98	10.95	1.898	1.4846787
23.98	10.95	1.898	25.23	10.503	1.171	1.5135514
25.23	10.503	1.171	26.337	10.911	1.504	1.2258885
26.337	10.911	1.504	23.571	12.308	1.316	3.1044664
23.571	12.308	1.316	22.096	12.567	1.577	1.5201391
22.096	12.567	1.577	21.657	13.359	2.656	1.4086257
21.657	13.359	2.656	21.17	12.008	0.718	2.4120972
21.17	12.008	0.718	20.312	13.586	2.819	2.7641363
20.312	13.586	2.819	19.795	12.189	0.909	2.422189
19.795	12.189	0.909	19.37	13.026	1.971	1.4174051
19.37	13.026	1.971	17.995	13.168	2.092	1.3875986
17.995	13.168	2.092	24.869	11.855	3.627	7.164639
24.869	11.855	3.627	23.253	10.171	1.894	2.9069912
23.253	10.171	1.894	24.218	13.154	1.485	3.1617718
24.218	13.154	1.485	23.593	12.133	0.22	1.7416345
23.593	12.133	0.22	22.396	13.821	3.302	3.7122605
22.396	13.821	3.302	21.487	11.347	-0.072	4.281452
21.487	11.347	-0.072	19.977	14.203	3.642	4.922462
19.977	14.203	3.642	19.073	11.749	0.247	4.2854824
19.073	11.749	0.247	17.713	13.93	2.654	3.5213654
17.713	13.93	2.654	24.953	9.731	0.125	8.743285
24.953	9.731	0.125	25.997	9.344	-0.804	1.4500853
25.997	9.344	-0.804	25.379	9.511	-2.224	1.5576305
25.379	9.511	-2.224	24.147	9.372	-2.366	1.2479222
24.147	9.372	-2.366	26.543	7.944	-0.689	3.2545857
26.543	7.944	-0.689	25.67	6.853	-1.112	1.4599098
25.67	6.853	-1.112	25.945	6.167	-2.285	1.3864164
25.945	6.167	-2.285	24.511	6.513	-0.412	2.3841565
24.511	6.513	-0.412	25.147	5.127	-2.683	2.735495
25.147	5.127	-2.683	23.691	5.457	-0.8	2.403024
23.691	5.457	-0.8	24.024	4.78	-1.963	1.3862853
24.024	4.78	-1.963	24.062	9.484	-0.227	5.0142555
24.062	9.484	-0.227	26.914	9.91	-0.832	2.9464216
26.914	9.91	-0.832	27.448	8.048	-1.293	1.9911604
27.448	8.048	-1.293	26.675	7.814	0.433	1.9056133
26.675	7.814	0.433	26.792	6.452	-2.819	3.5276392
26.792	6.452	-2.819	24.305	7.028	0.503	4.1895857
24.305	7.028	0.503	25.378	4.634	-3.594	4.8649745
25.378	4.634	-3.594	22.866	5.192	-0.228	4.2369175
22.866	5.192	-0.228	23.411	3.987	-2.299	2.457253
23.411	3.987	-2.299	26.248	9.721	-3.224	6.463973
26.248	9.721	-3.224	25.779	9.725	-4.634	1.4859598
25.779	9.725	-4.634	25.786	8.322	-5.124	1.4861226
25.786	8.322	-5.124	26.818	7.621	-5.132	1.2475944
26.818	7.621	-5.132	26.759	10.511	-5.499	2.9138067
26.759	10.511	-5.499	26.248	10.666	-6.944	1.5405103
26.248	10.666	-6.944	26.914	10.044	-7.987	1.3850238
26.914	10.044	-7.987	25.125	11.475	-7.226	2.4140015
25.125	11.475	-7.226	26.451	10.178	-9.295	2.7787132
26.451	10.178	-9.295	24.587	11.603	-8.518	2.4716086
24.587	11.603	-8.518	25.294	10.925	-9.501	1.3877405
25.294	10.925	-9.501	24.839	11.085	-10.793	1.3790897
24.839	11.085	-10.793	27.21	9.753	-3.004	8.250114
27.21	9.753	-3.004	24.818	10.226	-4.744	2.995494
24.818	10.226	-4.744	26.593	11.519	-5.121	2.2281387
26.593	11.519	-5.121	27.819	10.292	-5.414	1.759106
27.819	10.292	-5.414	27.785	9.438	-7.85	2.5815823
27.785	9.438	-7.85	24.614	11.894	-6.35	4.2821927
24.614	11.894	-6.35	26.909	9.696	-10.142	4.9474735
26.909	9.696	-10.142	23.716	12.164	-8.754	4.267648
23.716	12.164	-8.754	24.638	12.063	-10.743	2.1946318
24.638	12.063	-10.743	24.618	7.831	-5.55	6.699065
24.618	7.831	-5.55	24.473	6.511	-6.126	1.4474806
24.473	6.511	-6.126	24.533	6.73	-7.657	1.5477476
24.533	6.73	-7.657	23.605	7.147	-8.338	1.2242699
23.605	7.147	-8.338	23.099	5.973	-5.764	2.8739846
23.099	5.973	-5.764	22.895	4.611	-6.33	1.4889648
22.895	4.611	-6.33	23.537	4.204	-7.313	1.2426193
23.537	4.204	-7.313	21.966	3.903	-5.8	2.2017753
21.966	3.903	-5.8	23.768	8.406	-5.56	4.856111
23.768	8.406	-5.56	25.252	5.817	-5.749	2.9901342
25.252	5.817	-5.749	23.193	5.827	-4.66	2.3292708
23.193	5.827	-4.66	22.291	6.679	-5.844	1.7150406
22.291	6.679	-5.844	21.767	2.914	-6.106	3.8103075
21.767	2.914	-6.106	21.419	4.231	-5.01	1.7483729
21.419	4.231	-5.01	25.69	6.499	-8.244	5.8175616
25.69	6.499	-8.244	25.937	6.771	-9.71	1.5113397
25.937	6.771	-9.71	25.108	5.883	-10.665	1.5452542
25.108	5.883	-10.665	24.972	6.315	-11.816	1.2368999
24.972	6.315	-11.816	27.438	6.846	-9.903	3.1658623
27.438	6.846	-9.903	26.523	6.274	-7.738	2.4190147
26.523	6.274	-7.738	25.558	7.786	-9.716	2.6701782
25.558	7.786	-9.716	28.036	7.257	-9.107	2.6059928
28.036	7.257	-9.107	27.681	5.764	-9.848	1.7041578
27.681	5.764	-9.848	27.74	7.086	-10.895	1.6874169
27.74	7.086	-10.895	24.672	4.739	-10.226	3.920279
24.672	4.739	-10.226	23.844	3.843	-10.944	1.4156009
23.844	3.843	-10.944	22.458	4.414	-11.053	1.5029695
22.458	4.414	-11.053	21.776	4.419	-12.113	1.2604561
21.776	4.419	-12.113	23.873	2.469	-10.338	3.369055
23.873	2.469	-10.338	22.897	1.688	-11.164	1.4982696
22.897	1.688	-11.164	23.134	0.22	-10.987	1.4975053
23.134	0.22	-10.987	21.883	-0.282	-11.734	1.541109
21.883	-0.282	-11.734	21.699	-1.653	-11.14	1.5054345
21.699	-1.653	-11.14	24.811	4.482	-9.301	7.1207232
24.811	4.482	-9.301	24.244	3.768	-11.951	2.8024614
24.244	3.768	-11.951	24.904	2.072	-10.313	2.4484813
24.904	2.072	-10.313	23.584	2.461	-9.286	1.7171046
23.584	2.461	-9.286	21.821	1.865	-11.054	2.5669456
21.821	1.865	-11.054	23.032	1.822	-12.264	1.712446
23.032	1.822	-12.264	23.995	-0.194	-11.474	2.3697526
23.995	-0.194	-11.474	23.12	-0.106	-9.964	1.747418
23.12	-0.106	-9.964	21.046	0.35	-11.524	2.634961
21.046	0.35	-11.524	22.16	-0.402	-12.753	1.8212473
22.16	-0.402	-12.753	21.593	-1.586	-10.094	2.9654052
21.593	-1.586	-10.094	20.761	-1.979	-11.479	1.6627988
20.761	-1.979	-11.479	22.527	-2.262	-11.359	1.7925534
22.527	-2.262	-11.359	21.931	5.074	-10.038	7.477777
21.931	5.074	-10.038	20.576	5.701	-10.043	1.4930433
20.576	5.701	-10.043	20.606	7.178	-10.432	1.5276613
20.606	7.178	-10.432	19.595	7.768	-10.82	1.2331942
19.595	7.768	-10.82	20.054	5.625	-8.612	3.1110115
20.054	5.625	-8.612	22.488	5.076	-9.18	2.5589802
22.488	5.076	-9.18	20.09	5.015	-10.727	2.8543541
20.09	5.015	-10.727	20.772	6.088	-7.962	3.0433006
20.772	6.088	-7.962	19.1	6.124	-8.555	1.7744087
19.1	6.124	-8.555	20.011	4.596	-8.261	1.8030916
20.011	4.596	-8.261	21.752	7.848	-10.373	4.250545
21.752	7.848	-10.373	21.97	9.249	-10.618	1.4388704
21.97	9.249	-10.618	21.292	10.175	-9.591	1.5400943
21.292	10.175	-9.591	20.947	11.316	-9.904	1.2324263
20.947	11.316	-9.904	22.531	7.298	-10.049	4.321389
22.531	7.298	-10.049	22.992	9.579	-10.73	2.4247158
22.992	9.579	-10.73	21.483	9.541	-11.578	1.7313672
21.483	9.541	-11.578	21.201	9.723	-8.37	3.2255096
21.201	9.723	-8.37	20.589	10.458	-7.271	1.4569043
20.589	10.458	-7.271	21.437	10.194	-6.009	1.5431926
21.437	10.194	-6.009	22.077	9.168	-5.914	1.2129717
22.077	9.168	-5.914	19.233	9.682	-6.932	3.064124
19.233	9.682	-6.932	18.126	9.639	-7.924	1.487065
18.126	9.639	-7.924	16.897	8.857	-7.584	1.495849
16.897	8.857	-7.584	17.548	11.015	-8.232	2.3453507
17.548	11.015	-8.232	21.51	8.788	-8.071	4.547845
21.51	8.788	-8.071	20.311	11.468	-7.252	3.0480752
20.311	11.468	-7.252	19.436	8.685	-6.548	3.0010548
19.436	8.685	-6.548	18.858	10.134	-5.977	1.661242
18.858	10.134	-5.977	18.531	9.305	-8.886	3.042441
18.531	9.305	-8.886	16.985	7.826	-7.316	2.6537623
16.985	7.826	-7.316	16.567	9.316	-6.642	1.6879277
16.567	9.316	-6.642	16.204	9.016	-8.386	1.8064613
16.204	9.016	-8.386	18.381	11.675	-8.464	3.4373968
18.381	11.675	-8.464	16.837	10.957	-9.047	1.79982
16.837	10.957	-9.047	17.112	11.417	-7.289	1.8378761
17.112	11.417	-7.289	21.289	11.133	-5.121	4.71468
21.289	11.133	-5.121	21.875	11.033	-3.734	1.5090278
21.875	11.033	-3.734	20.869	10.289	-2.85	1.5320019
20.869	10.289	-2.85	19.639	10.651	-2.961	1.2869593
19.639	10.651	-2.961	22.103	12.439	-3.217	3.0551236
22.103	12.439	-3.217	23.486	13.149	-4.087	1.7814846
23.486	13.149	-4.087	20.752	11.96	-5.175	3.1736758
20.752	11.96	-5.175	22.835	10.632	-3.94	2.7618275
22.835	10.632	-3.94	21.141	12.922	-3.348	2.9093287
21.141	12.922	-3.348	22.434	12.44	-2.188	1.8027123
22.434	12.44	-2.188	21.336	9.324	-2.086	3.305368
21.336	9.324	-2.086	20.508	8.474	-1.259	1.44638
20.508	8.474	-1.259	21.184	8.402	0.118	1.5356724
21.184	8.402	0.118	22.328	8.784	0.291	1.2184362
22.328	8.784	0.291	20.354	7.087	-1.858	3.3756013
20.354	7.087	-1.858	19.623	7.119	-3.183	1.5136087
19.623	7.119	-3.183	19.594	5.767	-3.853	1.5091866
19.594	5.767	-3.853	20.395	4.867	-3.653	1.2213117
20.395	4.867	-3.653	18.531	5.618	-4.678	2.2559085
18.531	5.618	-4.678	22.343	9.128	-2.125	5.7766128
22.343	9.128	-2.125	19.517	8.874	-1.128	3.0074577
19.517	8.874	-1.128	21.356	6.648	-2.002	3.0167656
21.356	6.648	-2.002	19.931	6.372	-1.113	1.7020943
19.931	6.372	-1.113	18.69	7.661	-3.311	2.83422
18.69	7.661	-3.311	20.219	7.714	-3.916	1.6451968
20.219	7.714	-3.916	18.411	4.689	-5.135	3.7290015
18.411	4.689	-5.135	17.891	6.434	-4.778	1.8554978
17.891	6.434	-4.778	20.404	7.934	1.103	6.568967
20.404	7.934	1.103	20.941	7.836	2.49	1.4905511
20.941	7.836	2.49	21.59	6.489	2.656	1.5043824
21.59	6.489	2.656	21.401	5.428	2.076	1.2238636
21.401	5.428	2.076	19.849	8.116	3.568	3.4438508
19.849	8.116	3.568	18.807	7.216	3.348	1.3943342
18.807	7.216	3.348	19.24	9.473	3.369	2.2982552
19.24	9.473	3.369	19.456	7.621	0.938	3.0637102
19.456	7.621	0.938	21.592	8.681	2.741	2.9894655
21.592	8.681	2.741	20.326	8.08	4.568	2.3025815
20.326	8.08	4.568	19.288	6.347	3.409	2.3289511
19.288	6.347	3.409	18.775	9.734	2.409	3.5686045
18.775	9.734	2.409	18.605	9.634	4.256	1.8575009
18.605	9.634	4.256	19.988	10.264	3.585	1.6612748
19.988	10.264	3.585	22.506	6.456	3.619	4.5653415
22.506	6.456	3.619	23.207	5.275	4.06	1.4424433
23.207	5.275	4.06	23.55	5.541	5.559	1.5605785
23.55	5.541	5.559	23.556	6.64	6.034	1.1972727
23.556	6.64	6.034	24.434	4.964	3.27	3.3495605
24.434	4.964	3.27	25.71	5.682	3.555	1.4916174
25.71	5.682	3.555	26.781	5.095	4.224	1.3925421
26.781	5.095	4.224	25.843	6.975	3.069	2.3975546
25.843	6.975	3.069	27.946	5.766	4.445	2.7888458
27.946	5.766	4.445	27.014	7.71	3.271	2.4547987
27.014	7.71	3.271	28.008	7.053	3.984	1.3885435
28.008	7.053	3.984	22.695	7.266	4.199	5.3216124
22.695	7.266	4.199	22.613	4.388	3.918	2.8928475
22.613	4.388	3.918	24.66	3.891	3.281	2.2006776
24.66	3.891	3.281	24.191	5.223	2.224	1.7639257
24.191	5.223	2.224	26.642	4.136	4.599	3.5818424
26.642	4.136	4.599	25.041	7.396	2.488	4.2008476
25.041	7.396	2.488	28.767	5.394	5.011	4.9251
28.767	5.394	5.011	27.164	8.641	2.902	4.190525
27.164	8.641	2.902	28.943	7.6	4.146	2.4075012
28.943	7.6	4.146	23.923	4.477	6.205	6.2604327
23.923	4.477	6.205	24.349	4.496	7.646	1.5027703
24.349	4.496	7.646	25.894	4.524	7.711	1.5466183
25.894	4.524	7.711	26.638	3.625	7.263	1.2499774
26.638	3.625	7.263	23.771	3.242	8.364	3.0949285
23.771	3.242	8.364	24.19	3.382	9.822	1.5234576
24.19	3.382	9.822	22.264	3.291	8.258	2.4827108
22.264	3.291	8.258	23.874	3.555	5.766	2.9785676
23.874	3.555	5.766	23.896	5.373	8.063	2.9294739
23.896	5.373	8.063	24.145	2.394	7.767	3.004007
24.145	2.394	7.767	25.215	3.495	10.08	2.7761607
25.215	3.495	10.08	23.715	4.342	10.087	1.7226312
23.715	4.342	10.087	23.671	2.771	10.508	1.6270275
23.671	2.771	10.508	21.923	3.399	7.22	3.7763517
21.923	3.399	7.22	21.859	2.299	8.478	1.6723217
21.859	2.299	8.478	21.693	4.035	8.788	1.7712569
21.693	4.035	8.788	26.387	5.631	8.231	4.9890966
26.387	5.631	8.231	27.814	5.86	8.458	1.4629762
27.814	5.86	8.458	28.085	5.455	9.938	1.5581607
28.085	5.455	9.938	27.356	5.88	10.841	1.2359095
27.356	5.88	10.841	28.111	7.355	8.111	3.1935163
28.111	7.355	8.111	29.487	7.835	8.503	1.5091186
29.487	7.835	8.503	30.614	7.095	8.174	1.3877941
30.614	7.095	8.174	29.613	8.943	9.313	2.3904862
29.613	8.943	9.313	31.862	7.506	8.619	2.7576435
31.862	7.506	8.619	30.895	9.387	9.715	2.3821132
30.895	9.387	9.715	31.977	8.641	9.373	1.3580139
31.977	8.641	9.373	33.198	9.064	9.803	1.3618653
33.198	9.064	9.803	25.808	6.359	8.604	7.9603233
25.808	6.359	8.604	28.395	5.346	7.704	2.9204004
28.395	5.346	7.704	28.076	7.24	7.047	2.029937
28.076	7.24	7.047	27.271	7.909	8.56	1.839771
27.271	7.909	8.56	30.545	6.205	7.538	3.829775
30.545	6.205	7.538	28.75	9.553	9.589	4.317144
28.75	9.553	9.589	32.771	6.952	8.307	4.957536
32.771	6.952	8.307	30.943	10.289	10.353	4.3200994
30.943	10.289	10.353	33.644	9.848	9.469	2.8759935
33.644	9.848	9.469	29.181	4.741	10.152	6.8166203
29.181	4.741	10.152	29.544	4.252	11.487	1.46735
29.544	4.252	11.487	30.219	5.242	12.389	1.4997759
30.219	5.242	12.389	30.414	4.897	13.554	1.2305589
30.414	4.897	13.554	29.796	4.369	9.44	4.1935315
29.796	4.369	9.44	28.569	4.035	11.938	2.8030498
28.569	4.035	11.938	29.951	3.244	11.467	1.6605557
29.951	3.244	11.467	30.587	6.373	11.911	3.2237048
30.587	6.373	11.911	31.172	7.377	12.736	1.4250846
31.172	7.377	12.736	32.637	7.664	12.699	1.4933063
32.637	7.664	12.699	33.098	8.624	13.38	1.2640725
33.098	8.624	13.38	30.371	6.645	10.927	4.167754
30.371	6.645	10.927	30.644	8.301	12.496	2.297526
30.644	8.301	12.496	30.965	7.251	13.816	1.7169567
30.965	7.251	13.816	33.387	6.871	11.999	3.0515535
33.387	6.871	11.999	34.813	7.212	11.868	1.4720442
34.813	7.212	11.868	35.267	6.763	10.481	1.5269201
35.267	6.763	10.481	34.729	5.808	9.86	1.2598048
34.729	5.808	9.86	35.702	6.466	12.895	3.2543697
35.702	6.466	12.895	35.719	4.684	12.827	1.7833781
35.719	4.684	12.827	33.052	6.073	11.478	3.2957594
33.052	6.073	11.478	34.828	8.254	12.105	2.881678
34.828	8.254	12.105	36.717	6.782	12.719	2.4722662
36.717	6.782	12.719	35.376	6.694	13.914	1.798346
35.376	6.694	13.914	36.341	7.375	10.042	4.0481315
36.341	7.375	10.042	37.025	7.056	8.805	1.4490643
37.025	7.056	8.805	36.187	7.227	7.52	1.5436039
36.187	7.227	7.52	36.332	6.391	6.64	1.2224246
36.332	6.391	6.64	37.538	5.625	8.866	2.6450448
37.538	5.625	8.866	38.516	5.562	10.066	1.5493398
38.516	5.562	10.066	39.107	4.166	10.098	1.516285
39.107	4.166	10.098	39.805	4.035	11.371	1.4577031
39.805	4.035	11.371	40.59	3.032	11.775	1.3362069
40.59	3.032	11.775	40.823	1.964	11.024	1.3262407
40.823	1.964	11.024	41.144	3.105	12.987	2.2930965
41.144	3.105	12.987	36.67	8.142	10.54	7.167697
36.67	8.142	10.54	37.858	7.741	8.595	2.3141255
37.858	7.741	8.595	36.821	4.846	9.058	3.109786
36.821	4.846	9.058	38.127	5.322	8.011	1.7402356
38.127	5.322	8.011	39.277	6.303	10.09	2.5704293
39.277	6.303	10.09	38.016	5.637	10.981	1.6815355
38.016	5.637	10.981	38.282	3.473	10.078	2.3598862
38.282	3.473	10.078	39.633	4.052	9.207	1.7085309
39.633	4.052	9.207	39.685	4.801	12.039	2.9298341
39.685	4.801	12.039	40.376	1.948	10.092	3.5224843
40.376	1.948	10.092	41.429	1.235	11.413	1.8336363
41.429	1.235	11.413	41.037	3.833	13.662	3.4585068
41.037	3.833	13.662	41.738	2.325	13.284	1.7053881
41.738	2.325	13.284	35.456	8.28	7.53	10.393943
35.456	8.28	7.53	34.631	8.632	6.385	1.4544948
34.631	8.632	6.385	35.497	8.734	5.135	1.5240939
35.497	8.734	5.135	36.687	9.115	5.137	1.2495044
36.687	9.115	5.137	33.941	9.981	6.542	3.203824
33.941	9.981	6.542	35.34	8.972	8.208	2.3980896
35.34	8.972	8.208	33.879	7.87	6.308	2.637977
33.879	7.87	6.308	34.528	10.829	6.846	3.0767398
34.528	10.829	6.846	33.456	10.198	5.563	1.7870175
33.456	10.198	5.563	33.155	9.774	7.271	1.7853967
33.155	9.774	7.271	34.889	8.428	4.019	3.923516
34.889	8.428	4.019	35.456	8.549	2.638	1.4977626
35.456	8.549	2.638	34.782	9.775	2.026	1.5270544
34.782	9.775	2.026	33.938	10.501	2.638	1.2704173
33.938	10.501	2.638	35.426	7.283	1.843	3.6334133
35.426	7.283	1.843	36.33	6.177	2.314	1.5040939
36.33	6.177	2.314	36.22	4.925	1.492	1.5017616
36.22	4.925	1.492	36.972	3.83	2.249	1.5289137
36.972	3.83	2.249	38.43	4.086	2.238	1.4803451
38.43	4.086	2.238	33.904	8.208	4.062	6.387687
33.904	8.208	4.062	36.456	8.823	2.962	2.8462148
36.456	8.823	2.962	34.348	7.148	1.817	2.9258027
34.348	7.148	1.817	35.594	7.443	0.755	1.6635476
35.594	7.443	0.755	37.409	6.485	2.376	2.6152675
37.409	6.485	2.376	36.049	5.955	3.369	1.7653756
36.049	5.955	3.369	35.216	4.451	1.494	2.54392
35.216	4.451	1.494	36.531	4.849	0.453	1.7237476
36.531	4.849	0.453	36.74	3.973	3.315	3.0003502
36.74	3.973	3.315	36.742	2.821	1.974	1.767877
36.742	2.821	1.974	38.697	5.072	2.091	2.9837406
38.697	5.072	2.091	38.774	3.778	3.195	1.702698
38.774	3.778	3.195	38.96	3.393	1.688	1.5664835
38.96	3.393	1.688	35.115	10.128	0.777	7.808595
35.115	10.128	0.777	34.659	11.372	0.167	1.4586198
34.659	11.372	0.167	33.178	11.332	-0.259	1.5415686
33.178	11.332	-0.259	32.599	12.401	-0.162	1.2195959
32.599	12.401	-0.162	35.554	11.797	-0.96	3.1198807
35.554	11.797	-0.96	36.918	12.265	-0.568	1.4943827
36.918	12.265	-0.568	37.957	12.565	-1.588	1.4865812
37.957	12.565	-1.588	38.393	11.235	-1.972	1.4513623
38.393	11.235	-1.972	39.092	10.993	-3.114	1.3606342
39.092	10.993	-3.114	39.486	11.979	-3.942	1.3464831
39.486	11.979	-3.942	39.446	9.734	-3.428	2.3034368
39.446	9.734	-3.428	35.813	9.575	0.318	5.220774
35.813	9.575	0.318	34.712	12.168	0.95	2.8870869
34.712	12.168	0.95	35.629	10.967	-1.69	3.0418565
35.629	10.967	-1.69	35.017	12.458	-1.64	1.6124917
35.017	12.458	-1.64	36.981	13.025	0.221	2.7644362
36.981	13.025	0.221	37.355	11.538	0.099	1.5381573
37.355	11.538	0.099	37.373	13.009	-2.423	2.9197001
37.373	13.009	-2.423	38.645	13.283	-1.256	1.7478409
38.645	13.283	-1.256	38.164	10.45	-1.415	2.8779387
38.164	10.45	-1.415	40.007	11.665	-4.784	4.0277824
40.007	11.665	-4.784	39.258	12.965	-3.814	1.7865896
39.258	12.965	-3.814	39.244	8.893	-2.906	4.172032
39.244	8.893	-2.906	39.963	9.58	-4.3	1.7123579
39.963	9.58	-4.3	32.662	10.208	-0.618	8.200985
32.662	10.208	-0.618	31.235	10.157	-1.075	1.4992578
31.235	10.157	-1.075	30.363	9.898	0.175	1.545951
30.363	9.898	0.175	29.83	8.807	0.431	1.2409296
29.83	8.807	0.431	31.158	9.006	-2.072	2.840457
31.158	9.006	-2.072	29.799	9.033	-2.77	1.5280107
29.799	9.033	-2.77	29.002	9.968	-2.653	1.2341483
29.002	9.968	-2.653	29.533	8.007	-3.503	2.202268
29.533	8.007	-3.503	33.214	9.377	-0.662	4.8474674
33.214	9.377	-0.662	31.097	11.126	-1.506	2.872809
31.097	11.126	-1.506	31.986	9.096	-2.796	2.5642395
31.986	9.096	-2.796	31.442	8.069	-1.533	1.7163432
31.442	8.069	-1.533	30.286	7.249	-3.48	2.4082246
30.286	7.249	-3.48	28.694	7.778	-4.043	1.7695397
28.694	7.778	-4.043	30.329	10.926	0.929	6.1076927
30.329	10.926	0.929	29.68	10.998	2.281	1.501429
29.68	10.998	2.281	29.441	12.481	2.513	1.5199451
29.441	12.481	2.513	30.374	13.253	2.64	1.217622
30.374	13.253	2.64	30.579	10.298	3.287	3.0319395
30.579	10.298	3.287	30.097	10.342	4.77	1.5599837
30.097	10.342	4.77	29.353	11.223	5.157	1.2163324
29.353	11.223	5.157	30.593	9.396	5.525	2.2385154
30.593	9.396	5.525	30.784	11.813	0.848	5.268083
30.784	11.813	0.848	28.831	10.413	2.219	2.7665598
28.831	10.413	2.219	30.842	9.286	3.128	2.4780092
30.842	9.286	3.128	31.523	10.823	3.352	1.6959679
31.523	10.823	3.352	30.296	9.403	6.524	3.6855824
30.296	9.403	6.524	31.216	8.687	5.15	1.8019243
31.216	8.687	5.15	28.153	12.815	2.58	5.746934
28.153	12.815	2.58	27.732	14.188	2.696	1.4407728
27.732	14.188	2.696	26.649	14.315	3.805	1.555281
26.649	14.315	3.805	25.856	13.419	4.021	1.2158617
25.856	13.419	4.021	27.054	14.595	1.345	3.1589804
27.054	14.595	1.345	27.916	14.462	0.14	1.4875339
27.916	14.462	0.14	27.953	13.294	-0.602	1.3842534
27.953	13.294	-0.602	28.752	15.525	-0.138	2.414759
28.752	15.525	-0.138	28.783	13.173	-1.704	2.8258126
28.783	13.173	-1.704	29.615	15.424	-1.25	2.4424038
29.615	15.424	-1.25	29.599	14.241	-1.99	1.3954726
29.599	14.241	-1.99	27.398	12.157	2.411	5.343806
27.398	12.157	2.411	28.527	14.889	2.741	2.9744523
28.527	14.889	2.741	26.35	13.759	1.326	2.8316877
26.35	13.759	1.326	26.487	15.501	1.444	1.7513591
26.487	15.501	1.444	27.341	12.513	-0.316	3.5714233
27.341	12.513	-0.316	28.699	16.44	0.415	4.2189884
28.699	16.44	0.415	28.84	12.308	-2.293	4.9423246
28.84	12.308	-2.293	30.188	16.207	-1.556	4.1907616
30.188	16.207	-1.556	30.224	14.157	-2.851	2.4250414
30.224	14.157	-2.851	26.654	15.523	4.326	8.131433
26.654	15.523	4.326	25.67	15.81	5.399	1.4838979
25.67	15.81	5.399	24.36	16.291	4.876	1.4902982
24.36	16.291	4.876	23.386	16.226	5.649	1.2451636
23.386	16.226	5.649	26.188	16.72	6.512	2.973215
26.188	16.72	6.512	27.318	16.084	7.335	1.5358148
27.318	16.084	7.335	27.843	17.081	8.391	1.5442696
27.843	17.081	8.391	29.236	16.576	8.669	1.5075663
29.236	16.576	8.669	29.962	17.327	9.705	1.4711807
29.962	17.327	9.705	27.344	16.221	4.047	6.331676
27.344	16.221	4.047	25.458	14.851	5.822	2.9299355
25.458	14.851	5.822	26.587	17.609	5.99	2.984866
26.587	17.609	5.99	25.404	16.946	7.222	1.8321803
25.404	16.946	7.222	27.027	15.2	7.891	2.4759254
27.027	15.2	7.891	28.203	15.916	6.737	1.7964814
28.203	15.916	6.737	28.122	17.991	7.798	2.3319309
28.122	17.991	7.798	27.135	17.42	9.101	1.7314783
27.135	17.42	9.101	29.175	15.51	8.907	2.8013089
29.175	15.51	8.907	29.805	16.64	7.728	1.7503825
29.805	16.64	7.728	29.318	17.242	10.52	2.897385
29.318	17.242	10.52	30.949	17	9.856	1.7775313
30.949	17	9.856	30.127	18.313	9.416	1.610357
30.127	18.313	9.416	24.337	16.734	3.622	8.34193
24.337	16.734	3.622	23.068	17.191	3.061	1.4607974
23.068	17.191	3.061	22.98	16.742	1.594	1.5366958
22.98	16.742	1.594	24.015	16.567	0.916	1.2496135
24.015	16.567	0.916	22.88	18.711	3.06	3.2375457
22.88	18.711	3.06	23.822	19.258	2.193	1.3922153
23.822	19.258	2.193	25.18	16.751	3.053	2.9780552
25.18	16.751	3.053	22.206	16.804	3.574	3.0197568
22.206	16.804	3.574	21.9	18.919	2.598	2.349348
21.9	18.919	2.598	22.965	19.264	4.004	1.7972443
22.965	19.264	4.004	24.248	20.035	2.505	2.1183789
24.248	20.035	2.505	21.747	16.565	1.233	4.4624968
21.747	16.565	1.233	21.452	16.202	-0.192	1.4998065
21.452	16.202	-0.192	21.889	17.264	-1.204	1.5306723
21.889	17.264	-1.204	22.32	16.959	-2.338	1.2508966
22.32	16.959	-2.338	19.991	15.849	-0.356	3.2534087
19.991	15.849	-0.356	20.954	16.674	1.802	2.5029902
20.954	16.674	1.802	22.244	15.481	-0.31	2.7473423
22.244	15.481	-0.31	19.319	16.642	-0.038	3.1587222
19.319	16.642	-0.038	19.8	15.524	-1.385	1.8154044
19.8	15.524	-1.385	19.794	14.988	0.281	1.750111
19.794	14.988	0.281	21.835	18.53	-0.819	4.2333727
21.835	18.53	-0.819	22.235	19.62	-1.652	1.4289824
22.235	19.62	-1.652	23.74	19.554	-1.891	1.5252867
23.74	19.554	-1.891	24.137	19.73	-3.053	1.240495
24.137	19.73	-3.053	21.766	20.869	-0.865	3.4214468
21.766	20.869	-0.865	20.367	20.737	-0.179	1.5637203
20.367	20.737	-0.179	19.919	19.894	0.994	1.5123765
19.919	19.894	0.994	19.414	18.784	1.212	1.2388088
19.414	18.784	1.212	19.912	20.253	2.202	1.8401265
19.912	20.253	2.202	21.514	18.77	0.081	3.0437362
21.514	18.77	0.081	21.885	19.789	-2.644	2.932853
21.885	19.789	-2.644	22.36	20.677	0.079	2.9032567
22.36	20.677	0.079	22.36	21.702	-1.159	1.6072549
22.36	21.702	-1.159	20.001	21.722	0.047	2.649476
20.001	21.722	0.047	19.803	20.281	-0.976	1.7782614
19.803	20.281	-0.976	24.537	19.331	-0.858	4.829823
24.537	19.331	-0.858	25.961	19.288	-1.082	1.4421512
25.961	19.288	-1.082	26.28	18.071	-1.961	1.5347617
26.28	18.071	-1.961	27.149	18.165	-2.795	1.2081194
27.149	18.165	-2.795	26.695	18.778	0.111	3.00445
26.695	18.778	0.111	27.499	19.674	0.972	1.4800521
27.499	19.674	0.972	26.759	20.572	1.375	1.2314276
26.759	20.572	1.375	28.655	19.195	1.02	2.3700151
28.655	19.195	1.02	24.173	19.185	0.045	4.5868344
24.173	19.185	0.045	26.388	20.193	-1.435	2.8482788
26.388	20.193	-1.435	26.126	18.142	0.783	3.0322883
26.126	18.142	0.783	27.39	17.949	-0.167	1.592936
27.39	17.949	-0.167	25.605	16.956	-1.732	2.5732274
25.605	16.956	-1.732	25.822	15.753	-2.493	1.4399366
25.822	15.753	-2.493	25.591	15.998	-3.994	1.5383066
25.591	15.998	-3.994	26.397	15.689	-4.871	1.2305467
26.397	15.689	-4.871	24.941	14.644	-1.926	3.4474604
24.941	14.644	-1.926	25.055	13.06	-2.815	1.8199923
25.055	13.06	-2.815	24.881	16.926	-1.041	4.2571483
24.881	16.926	-1.041	26.84	15.447	-2.313	2.764617
26.84	15.447	-2.313	25.207	14.37	-0.935	2.3928015
25.207	14.37	-0.935	23.907	14.95	-1.834	1.6836282
23.907	14.95	-1.834	24.405	16.565	-4.212	2.9173815
24.405	16.565	-4.212	23.975	16.86	-5.592	1.4752375
23.975	16.86	-5.592	24.865	17.909	-6.259	1.528852
24.865	17.909	-6.259	25.254	17.714	-7.432	1.2511097
25.254	17.714	-7.432	22.481	17.237	-5.692	3.3082702
22.481	17.237	-5.692	21.619	16.002	-5.527	1.5150886
21.619	16.002	-5.527	21.536	16.149	-5.278	0.3008303
21.536	16.149	-5.278	21.684	14.673	-6.752	2.0912092
21.684	14.673	-6.752	19.845	16.563	-5.694	2.8413703
19.845	16.563	-5.694	20.896	15.481	-8.152	2.8839371
20.896	15.481	-8.152	19.639	18.241	-5.038	4.3467965
19.639	18.241	-5.038	23.741	16.776	-3.521	4.6123652
23.741	16.776	-3.521	24.027	15.986	-6.232	2.8382065
24.027	15.986	-6.232	22.275	18.123	-5.117	2.9798484
22.275	18.123	-5.117	22.46	17.461	-6.77	1.7902167
22.46	17.461	-6.77	25.206	18.931	-5.556	3.3429344
25.206	18.931	-5.556	26.111	19.97	-6.044	1.4617422
26.111	19.97	-6.044	27.493	19.419	-6.4	1.5297906
27.493	19.419	-6.4	28.105	19.894	-7.379	1.2484423
28.105	19.894	-7.379	26.365	20.989	-4.925	3.2013657
26.365	20.989	-4.925	27.106	22.225	-5.375	1.5097281
27.106	22.225	-5.375	26.494	23.431	-4.716	1.5044138
26.494	23.431	-4.716	26.503	23.143	-3.308	1.437181
26.503	23.143	-3.308	25.536	23.635	-2.543	1.3275468
25.536	23.635	-2.543	24.554	24.368	-3.034	1.3201101
24.554	24.368	-3.034	25.533	23.348	-1.271	2.2598696
25.533	23.348	-1.271	24.877	19.095	-4.635	5.462128
24.877	19.095	-4.635	25.631	20.419	-6.896	2.7264657
25.631	20.419	-6.896	25.336	21.264	-4.675	2.394554
25.336	21.264	-4.675	26.827	20.45	-4.106	1.7914895
26.827	20.45	-4.106	28.119	22.368	-5.525	2.713217
28.119	22.368	-5.525	26.672	22.362	-6.39	1.6858426
26.672	22.362	-6.39	27.053	24.242	-5.072	2.3273778
27.053	24.242	-5.072	25.499	23.574	-5.08	1.6915089
25.499	23.574	-5.08	27.225	22.565	-2.844	2.9994748
27.225	22.565	-2.844	23.854	24.661	-2.321	4.003796
23.854	24.661	-2.321	24.517	24.609	-4.036	1.8394284
24.517	24.609	-4.036	26.264	22.781	-0.865	4.0557156
26.264	22.781	-0.865	24.762	23.749	-0.724	1.7924598
24.762	23.749	-0.724	28.014	18.446	-5.647	7.9330487
28.014	18.446	-5.647	29.317	17.889	-5.933	1.445632
29.317	17.889	-5.933	29.36	16.811	-7.019	1.530793
29.36	16.811	-7.019	30.323	16.753	-7.836	1.2642075
30.323	16.753	-7.836	29.884	17.308	-4.599	3.3134444
29.884	17.308	-4.599	29.915	18.356	-3.628	1.4290229
29.915	18.356	-3.628	31.252	16.617	-4.794	2.4841995
31.252	16.617	-4.794	27.44	18.111	-4.892	4.0954833
27.44	18.111	-4.892	30.069	18.613	-6.258	3.004929
30.069	18.613	-6.258	29.173	16.55	-4.194	3.0526853
29.173	16.55	-4.194	29.012	18.597	-3.318	2.2323775
29.012	18.597	-3.318	31.801	17.152	-5.61	3.888421
31.801	17.152	-5.61	31.759	16.514	-3.853	1.8697214
31.759	16.514	-3.853	31.026	15.693	-5.309	1.8251764
31.026	15.693	-5.309	28.364	15.919	-6.98	3.1511195
28.364	15.919	-6.98	28.337	14.779	-7.839	1.4276586
28.337	14.779	-7.839	27.258	14.663	-8.899	1.5170029
27.258	14.663	-8.899	27.484	13.831	-9.733	1.1995229
27.484	13.831	-9.733	28.265	13.52	-6.968	2.8899665
28.265	13.52	-6.968	29.664	13.161	-5.893	1.8004742
29.664	13.161	-5.893	27.614	15.974	-6.323	3.5071876
27.614	15.974	-6.323	29.253	14.775	-8.417	2.9169774
29.253	14.775	-8.417	27.388	13.519	-6.349	3.0548947
27.388	13.519	-6.349	28.059	12.72	-7.695	1.7030437
28.059	12.72	-7.695	26.248	15.435	-8.766	3.4348202
26.248	15.435	-8.766	25.221	15.18	-9.791	1.47322
25.221	15.18	-9.791	25.286	15.905	-11.139	1.5319765
25.286	15.905	-11.139	26.22	16.54	-11.584	1.2139223
26.22	16.54	-11.584	26.124	16.072	-8.024	3.5919127
26.124	16.072	-8.024	25.526	14.16	-10.093	2.8799505
25.526	14.16	-10.093	24.206	15.027	-9.457	1.7025235
24.206	15.027	-9.457	24.141	15.735	-11.766	2.415982
24.141	15.735	-11.766	23.532	16.179	-13.038	1.4785142
23.532	16.179	-13.038	21.982	15.948	-12.99	1.567853
21.982	15.948	-12.99	21.139	16.112	-12.036	1.2836124
21.139	16.112	-12.036	23.416	15.164	-11.269	2.5829682
23.416	15.164	-11.269	23.651	17.18	-13.336	2.8968904
23.651	17.18	-13.336	23.89	15.539	-13.849	1.7358494
23.89	15.539	-13.849	21.533	15.45	-14.175	2.3811004
21.533	15.45	-14.175	20.058	15.148	-14.143	1.5059396
20.058	15.148	-14.143	20.005	13.727	-14.727	1.5372396
20.005	13.727	-14.727	20.352	13.531	-15.922	1.2597021
20.352	13.531	-15.922	19.337	16.385	-14.585	3.3110585
19.337	16.385	-14.585	19.665	12.821	-13.923	3.63977
19.665	12.821	-13.923	22.084	15.237	-14.992	3.5820904
22.084	15.237	-14.992	19.96	14.987	-13.05	2.8888128
19.96	14.987	-13.05	19.978	17.245	-14.64	2.7617006
19.978	17.245	-14.64	18.939	16.2	-15.586	1.7511326
18.939	16.2	-15.586	18.454	16.576	-13.973	1.7257957
